>> a=[1,5,7,11]
a =

    1    5    7   11

>> b=mod(a'*a,12)
b =

    1    5    7   11
    5    1   11    7
    7   11    1    5
   11    7    5    1

>> diary off
