>> a=[0,1;1,0]
a =

   0   1
   1   0

>> b=[0,1;1,1]
b =

   0   1
   1   1

>> a*b
ans =

   1   1
   0   1

>> b*a
ans =

   1   0
   1   1

>> 
>> diary off
