>> a=[1,9,11,19]
a =

    1    9   11   19

>> mod(a'*a,40)
ans =

    1    9   11   19
    9    1   19   11
   11   19    1    9
   19   11    9    1

>> diary off
