>> mod([1:2:15]'.^[1:10],16)
ans =

    1    1    1    1    1    1    1    1    1    1
    3    9   11    1    3    9   11    1    3    9
    5    9   13    1    5    9   13    1    5    9
    7    1    7    1    7    1    7    1    7    1
    9    1    9    1    9    1    9    1    9    1
   11    9    3    1   11    9    3    1   11    9
   13    9    5    1   13    9    5    1   13    9
   15    1   15    1   15    1   15    1   15    1

>> diary off
