>> a=[1,3,7,9,11,13,17,19];
>> [a;mod(a*5,20)]
ans =

    1    3    7    9   11   13   17   19
    5   15   15    5   15    5    5   15

>> diary off
