>> x=[1,3,5,7,9,11,13,15];
>> mod(x.^3,16)
ans =

    1   11   13    7    9    3    5   15

>> mod(x.^5,16)
ans =

    1    3    5    7    9   11   13   15

>> mod(x.^7,16)
ans =

    1   11   13    7    9    3    5   15

>> mod(x.^2,16)
ans =

   1   9   9   1   1   9   9   1

>> diary off
