>> x=[1:50];
>> [x;mod(11.*x,50)]
ans =

 Columns 1 through 12:

    1    2    3    4    5    6    7    8    9   10   11   12
   11   22   33   44    5   16   27   38   49   10   21   32

 Columns 13 through 24:

   13   14   15   16   17   18   19   20   21   22   23   24
   43    4   15   26   37   48    9   20   31   42    3   14

 Columns 25 through 36:

   25   26   27   28   29   30   31   32   33   34   35   36
   25   36   47    8   19   30   41    2   13   24   35   46

 Columns 37 through 48:

   37   38   39   40   41   42   43   44   45   46   47   48
    7   18   29   40    1   12   23   34   45    6   17   28

 Columns 49 and 50:

   49   50
   39    0

>> diary off
