>> a=1:1:20
a =

 Columns 1 through 16:

    1    2    3    4    5    6    7    8    9   10   11   12   13   14   15   16

 Columns 17 through 20:

   17   18   19   20

>> [a;mod(a*21,24);mod(a*10,24)]
ans =

 Columns 1 through 16:

    1    2    3    4    5    6    7    8    9   10   11   12   13   14   15   16
   21   18   15   12    9    6    3    0   21   18   15   12    9    6    3    0
   10   20    6   16    2   12   22    8   18    4   14    0   10   20    6   16

 Columns 17 through 20:

   17   18   19   20
   21   18   15   12
    2   12   22    8

>> mod(18*a,24)
ans =

 Columns 1 through 16:

   18   12    6    0   18   12    6    0   18   12    6    0   18   12    6    0

 Columns 17 through 20:

   18   12    6    0

>> diary off
